2462
2435
2661
2348
2480
2227
2675
2157
2349
2130
2359
2156
2258
2419
2322
2289
2119
2249
2584
2240
2322
2480
2247
2537
2782
2310
2214
2448
2341
2373
2688
2515
2719
2374
2418
2211
2471
2387
2585
2344
2356
2108
2564
2548
2278
2527
2295
2580
2243
2352
2635
2539
2391
2475
2379
2048
1981
2134
2414
2332
2282
2437
2645
2368
2527
2495
2356
2546
2548
2386
2163
2526
2548
2625
2204
2569
2288
2330
2289
2398
2395
2317
2542
2630
2184
2297
2162
2497
2235
2211
2563
2461
2273
2386
2360
2600
2569
1980
2362
2273
2349
2321
2534
2277
2487
2320
2639
2194
2409
2133
2297
2109
2306
2324
2429
2106
2248
2357
2666
2196
2456
2660
2175
2529
2627
2229
2166
2327
2320
2322
2767
2366
2707
2338
2399
2241
2374
2564
2459
2265
2162
2229
2249
2566
2252
2449
2279
2647
2205
2317
2686
2652
2466
2321
2399
2431
2290
2200
2392
2237
2244
2388
2639
2455
2602
2710
2329
2690
2636
2364
2147
2348
2514
2523
2307
2787
2228
2452
2039
2468
2267
2439
2359
2721
2204
2408
2148
2513
2366
2447
2292
2458
2441
2464
2189
2578
2436
2193
2401
2237
2727
2648
2827
2589
2764
2316
2749
2513
2566
2279
2497
2324
2536
2692
2603
2322
2478
2647
2783
2513
2526
2947
2287
2971
2863
2459
2328
2668
2637
2604
2727
2685
2974
2472
2716
2319
2675
2657
2955
2815
2532
2453
2530
2662
2294
2775
2562
2922
2434
2770
2714
2825
2572
2594
2851
2456
2366
2449
2544
2735
2686
2516
2920
2419
2855
2595
2589
2833
2694
2769
2359
2728
2987
2505
2521
2758
2442
2665
2529
2495
2754
2513
2735
3002
2500
2568
2444
2705
2615
2525
2564
2624
2663
2315
2554
2712
2635
2276
2566
2633
2543
2776
2721
2697
2792
2521
2891
2651
2446
2372
2581
2375
2378
2677
2646
2474
2509
2433
2990
2768
2618
2951
2436
3162
2932
2510
2525
2705
2627
2725
2907
2712
3102
2726
2777
2487
2605
2628
2811
2740
2499
2668
2817
2783
2587
2885
2684
2822
2500
2719
2970
3003
2891
2642
2726
2417
2390
2458
2742
2673
2651
2724
3004
2711
2875
2808
2457
2825
2741
2686
2393
2855
3079
2576
2476
2876
2519
2599
2615
2569
2783
2567
2775
2972
2530
2617
2721
2629
2707
2763
2754
2591
2705
2594
2471
2871
2668
2216
2694
2483
2306
2218
2361
2408
2372
2142
2458
2265
2376
2125
2167
2100
2136
2381
2357
2164
2263
2183
2488
2338
2305
2655
2124
2550
2750
2286
2220
2409
2207
2482
2389
2374
2549
2335
2211
2040
2411
2490
2556
2557
2207
2231
2306
2316
2310
2349
2229
2523
2146
2451
2609
2689
2243
2404
2523
2068
2028
2041
2338
2490
2237
2059
2548
2076
2371
2472
2248
2624
2274
2344
2113
2397
2521
2249
2411
2555
2277
2423
2240
2145
2384
2234
2300
2405
2241
2178
2197
2345
2392
2258
2364
2371
2485
2007
2216
2387
2549
2027
2255
2184
2521
2496
2393
2721
2608
2287
2850
2347
2451
2460
2294
2157
2475
2663
2558
2150
2518
2361
2797
2430
2660
2682
2251
2803
2702
2419
2523
2651
2415
2396
2680
2601
2750
2466
2621
2214
2703
2711
2586
2538
2410
2647
2471
2585
2471
2758
2542
2729
2438
2524
2773
2798
2625
2502
2628
2489
2256
2303
2516
2655
2580
2455
2648
2228
2592
2880
2152
2956
2672
2639
2394
2512
2562
2479
2512
2769
2241
2672
2405
2406
2512
2438
2517
2735
2331
2521
2497
2470
2598
2430
2599
2408
2619
2326
2516
2693
2808
2118
2425
2464
2346
2344
2650
2431
2689
2449
2769
2338
2482
2319
2385
2154
2309
2259
2498
2283
2341
2415
2607
2379
2616
2851
2077
2616
2643
2193
2406
2344
2542
2503
2803
2636
2782
2396
2682
2112
2369
2700
2547
2652
2263
2376
2589
2537
2372
2541
2306
2812
2378
2683
2730
2797
2386
2344
2475
2218
2378
2415
2382
2484
2342
2334
2604
2610
2604
2513
2256
2707
2470
2667
2169
2531
2541
2449
2327
2811
2410
2446
2218
2347
2324
2420
2444
2672
2290
2411
2360
2422
2410
2412
2453
2590
2593
2394
2296
2520
2640
2111
2356
2319
2354
2309
2346
2375
2415
2386
2642
2316
2578
2195
2289
2117
2147
2456
2423
2276
2321
2294
2819
2407
2291
2722
2114
2679
2716
2271
2244
2201
2396
2349
2531
2486
2639
2452
2411
2082
2193
2419
2583
2522
2368
2116
2588
2473
2349
2453
2240
2603
2215
2618
2730
2737
2462
2170
2440
2131
2118
2287
2484
2311
2291
2244
2633
2455
2538
2600
2159
2674
2488
2667
2245
2283
2734
2409
2367
2552
2254
2516
2150
2465
2372
2224
2575
2509
2412
2149
2161
2353
2451
2399
2444
2405
2579
2257
2125
2503
2528
1934
2362
2133
2015
2188
2253
2395
2343
2151
2370
2045
2190
1965
1941
1942
2077
2239
2202
2014
2123
2010
2527
2191
2037
2487
1973
2393
2304
2063
2005
2182
2148
2272
2335
2373
2461
2229
2080
1992
2137
2145
2370
2413
2224
2085
2206
2183
2160
2281
2266
2337
2094
2216
2349
2329
2230
2202
2103
2054
2057
2068
2201
2100
2184
2163
2480
2181
2179
2509
2049
2575
2213
2390
2118
2109
2562
2117
2075
2321
1956
2231
1815
2238
2154
2202
2317
2371
1937
2242
2133
2304
2290
2238
2288
2306
2318
2091
2103
2256
2197
1825
2159
2022
2578
2615
2715
2639
2540
2385
2913
2381
2469
2448
2357
2395
2516
2615
2429
2342
2336
2295
2845
2457
2666
2629
2302
2988
2962
2465
2372
2572
2456
2627
2805
2695
2871
2390
2665
2311
2766
2792
2853
2890
2619
2586
2772
2543
2502
2837
2523
2951
2568
2400
2743
2884
2556
2727
2613
2438
2470
2484
2655
2574
2573
2467
2965
2480
2834
2878
2555
2829
2513
2605
2240
2607
2709
2535
2645
2619
2585
2643
2485
2529
2608
2484
2555
2691
2443
2668
2433
2596
2644
2415
2577
2465
2481
2557
2563
2764
2892
2255
2511
2558
2335
2342
2385
2498
2508
2500
2321
2272
2368
2144
2076
2138
2272
2337
2613
2034
2273
2257
2606
2327
2348
2772
2126
2601
2632
2185
2394
2361
2374
2403
2611
2510
2572
2144
2373
2123
2308
2500
2612
2531
2415
2337
2253
2444
2339
2498
2572
2691
2341
2309
2719
2559
2441
2423
2222
2249
2245
2351
2340
2240
2205
2234
2681
2268
2376
2529
2209
2663
2552
2624
2216
2362
2617
2307
2258
2525
2069
2437
2174
2352
2335
2301
2496
2506
2225
2335
2217
2525
2242
2423
2326
2348
2369
2386
2263
2415
2343
2049
2446
2252
2690
2557
2637
2793
2622
2445
2632
2534
2498
2243
2665
2281
2411
2520
2776
2333
2599
2578
2916
2529
2500
2882
2328
2773
2566
2538
2498
2299
2752
2571
2757
2599
2750
2595
2850
2487
2661
2542
2608
2547
2388
2509
2724
2544
2339
2789
2446
2909
2517
2763
2798
2804
2522
2606
2622
2390
2439
2488
2648
2681
2375
2545
2789
2514
2695
2695
2265
2793
2919
2649
2397
2642
2734
2558
2330
2912
2338
2495
2466
2648
2551
2406
2568
2717
2365
2603
2388
2635
2691
2498
2698
2548
2578
2676
2473
2693
2552
2173
2580
2281
2717
2515
2442
2531
2754
2443
2613
2334
2455
2486
2375
2172
2376
2542
2583
2181
2533
2301
2806
2544
2412
2744
2097
2805
2681
2557
2327
2669
2423
2555
2728
2608
2693
2587
2581
2369
2619
2559
2840
2727
2434
2380
2612
2662
2486
2625
2363
2702
2597
2751
2926
2837
2498
2769
2629
2441
2081
2561
2622
2680
2418
2463
2936
2461
2654
2721
2458
2861
2674
2719
2393
2583
2723
2332
2416
2761
2317
2489
2430
2543
2425
2500
2633
2609
2496
2367
2415
2547
2494
2453
2574
2562
2345
2471
2426
2740
2439
2026
2606
2249
2451
2449
2335
2431
2467
2281
2460
2223
2270
2162
2229
1949
2187
2158
2366
2234
2262
2204
2590
2403
2494
2399
2136
2541
2609
2303
2255
2220
2396
2250
2386
2485
2640
2378
2386
2290
2359
2472
2566
2424
2252
2325
2435
2349
2213
2328
2006
2569
2205
2376
2591
2641
2509
2320
2397
2187
2149
2081
2387
2398
2269
2294
2795
2313
2673
2513
2119
2414
2565
2225
2116
2337
2271
2189
2252
2377
2279
2315
2214
2365
2173
2349
2459
2515
2233
2364
2175
2480
2356
2205
2363
2433
2125
2153
2192
2542
2465
1990
2161
2136
2852
2724
2797
2675
2597
2463
2642
2467
2487
2328
2622
2312
2398
2622
2599
2248
2390
2437
2933
2700
2584
2789
2181
2790
2978
2546
2344
2734
2598
2741
2887
2770
2907
2512
2681
2448
2751
2713
2842
2831
2573
2373
2789
2630
2384
2700
2638
2804
2610
2547
2917
2901
2580
2845
2596
2472
2382
2385
2519
2588
2327
2639
2795
2494
2634
2642
2516
2869
2805
2923
2405
2560
2886
2500
2412
2873
2515
2469
2494
2586
2669
2487
2813
2936
2539
2548
2605
2714
2731
2439
2641
2562
2300
2587
2426
2865
2634
2205
2472
2531
2828
2791
2712
2756
2714
2620
2775
2393
2637
2407
2541
2316
2599
2636
2676
2456
2778
2556
3014
2568
2732
2910
2393
3049
2850
2431
2483
2704
2653
2674
3006
2723
2872
2531
2803
2442
2992
3082
2737
2768
2433
2627
2794
2657
2607
2725
2714
2892
2622
2518
2863
2987
2664
2799
2663
2413
2523
2551
2450
2620
2739
2394
2772
2460
2766
2900
2551
2960
2898
2729
2284
2853
2618
2496
2581
2857
2542
2777
2601
2636
2614
2640
2639
2878
2615
2619
2576
2652
2595
2595
2619
2558
2622
2499
2485
2621
2978
2304
2646
2381
2547
2905
2618
2452
2669
2440
2838
2416
2455
2363
2743
2245
2306
2531
2650
2253
2629
2298
3048
2556
2654
2966
2270
2813
2845
2426
2555
2467
2709
2598
2702
2772
2916
2627
2996
2503
2571
2602
2898
2672
2398
2428
2654
2670
2433
2843
2716
2971
2582
2699
2895
2828
2636
2705
2701
2148
2407
2408
2650
2706
2414
2369
2848
2516
2854
2774
2452
2994
2712
2885
2507
2742
2781
2674
2505
2916
2467
2609
2549
2671
2468
2627
2593
2861
2411
2532
2544
2683
2461
2498
2671
2585
2542
2510
2467
2592
2736
2005
2554
2372
2769
2543
2637
2686
2594
2579
2664
2509
2636
2566
2491
2446
2553
2276
2641
2215
2546
2366
2890
2498
2510
2917
2131
2605
2689
2454
2381
2472
2535
2461
2899
2445
2714
2487
2748
2388
2762
2834
2738
2709
2304
2436
2632
2648
2477
2576
2571
2939
2504
2717
2799
2808
2404
2589
2401
2497
2272
2498
2565
2544
2602
2626
2762
2400
2598
2927
2521
2835
2730
2738
2242
2691
2699
2365
2499
2789
2299
2758
2390
2655
2481
2515
2566
2680
2497
2586
2537
2593
2565
2491
2440
2493
2362
2385
2486
2659
2629
2044
2424
2441
2293
2576
2350
2777
2522
2273
2739
2314
2470
2378
2318
2081
2290
2513
2543
2124
2322
2179
2810
2471
2501
2893
2089
2636
2633
2307
2404
2502
2499
2344
2558
2526
2675
2532
2709
2168
2406
2402
2640
2542
2471
2420
2401
2385
2494
2474
2360
2729
2338
2569
2641
2736
2437
2538
2541
2254
2351
2240
2371
2425
2294
2530
2634
2491
2545
2664
2255
2852
2533
2640
2336
2466
2772
2325
2353
2616
2258
2421
2273
2442
2318
2468
2470
2633
2460
2260
2417
2276
2667
2437
2335
2420
2388
2417
2296
2658
2408
2159
2335
2199
2824
2823
2562
2617
2828
2391
2882
2448
2578
2408
2555
2402
2550
2667
2725
2341
2586
2491
3029
2635
2668
3137
2433
2910
2799
2420
2554
2596
2673
2655
2970
2657
2812
2580
2811
2345
2679
2748
2688
2847
2469
2624
2621
2631
2463
2836
2682
3059
2623
2677
2988
3159
2776
2879
2685
2465
2432
2518
2703
2642
2641
2519
2914
2615
2970
2836
2680
2880
2787
2754
2585
2772
2866
2654
2673
2704
2623
2603
2554
2681
2649
2669
2898
2877
2656
2568
2394
2807
2592
2796
2735
2654
2623
2561
2757
2779
2731
2364
2449
2257
2903
2637
2552
2920
2604
2622
2713
2774
2710
2369
2344
2346
2720
2667
2650
2167
2411
2494
2943
2752
2379
3047
2417
2846
2635
2723
2364
2529
2904
2427
2642
2804
2842
2489
2711
2571
2782
2826
2860
2767
2478
2350
2764
2677
2655
2712
2616
3074
2633
2765
2894
2831
2883
2654
2538
2445
2255
2545
2722
2670
2642
2692
2822
2494
2726
2962
2622
2858
3005
2655
2539
2857
2901
2683
2454
2881
2372
2550
2501
2740
2553
2671
2664
2871
2442
2468
2513
2588
2760
2539
2408
2482
2676
2455
2551
2687
2624
2221
2543
2362
2582
2676
2507
2685
2728
2486
2875
2504
2468
2376
2380
2385
2531
2659
2616
2378
2532
2421
2831
2413
2533
2874
2450
2816
2823
2684
2394
2549
2650
2512
2943
2722
2952
2551
2820
2392
2794
2638
2866
2798
2535
2459
2710
2665
2525
2742
2721
2917
2544
2730
2863
3083
2782
2650
2621
2437
2363
2599
2790
2550
2584
2575
2880
2659
2918
2960
2641
3051
2742
2609
2280
2750
2743
2660
2488
2637
2616
2664
2462
2647
2496
2632
2563
2755
2466
2415
2390
2575
2714
2414
2736
2526
2625
2492
2644
2867
2827
2283
2527
2394
2433
2363
2407
2553
2316
2266
2547
2417
2285
2133
2401
2337
2023
2471
2595
2100
2100
2281
2571
2323
2359
2692
2096
2753
2494
2266
2294
2472
2268
2374
2650
2422
2643
2352
2531
2070
2566
2452
2589
2442
2387
2313
2285
2478
2220
2606
2475
2576
2211
2460
2503
2655
2321
2398
2535
2355
2160
2221
2284
2331
2240
2272
2668
2265
2485
2574
2281
2494
2551
2274
2222
2311
2662
2272
2214
2446
2350
2322
2166
2298
2680
2198
2412
2421
2113
2365
2385
2665
2297
2376
2557
2370
2258
2419
2296
2259
2372
1934
2541
2373
2469
2231
2273
2261
2387
2052
2411
2235
2276
2189
2222
2014
2108
2278
2150
2056
2086
2158
2456
2229
2239
2473
2098
2701
2631
2127
2170
2153
2102
2387
2338
2464
2570
2396
2302
2064
2209
2367
2280
2710
2364
2017
2561
2284
2224
2302
2044
2481
2180
2387
2660
2566
2321
2365
2397
2002
1951
2259
2242
2411
2222
2122
2611
2055
2575
2334
2189
2576
2458
2361
2069
2297
2538
2234
2239
2358
2222
2380
2149
2188
2299
2098
2295
2301
2261
2171
2136
2280
2156
2295
2267
2295
2239
2144
1983
2381
2446
1939
2156
1883
2574
2728
2639
2730
2857
2639
3066
2585
2636
2594
2459
2586
2482
2437
2838
2437
2629
2434
3115
2833
2411
3080
2408
2824
3049
2460
2616
2609
2729
2661
2966
2604
3009
2870
2706
2352
2966
2655
2915
2717
2507
2682
2771
2784
2575
2844
2873
3084
2716
2933
2947
2967
2730
2761
2561
2496
2393
2606
2763
2739
2547
2555
2919
2722
2928
2853
2580
2885
2899
2706
2560
2790
2869
2679
2702
2958
2573
2764
2572
2636
2769
2730
2905
2947
2605
2665
2466
2871
2633
2514
2889
2782
2742
2518
2685
2869
2869
2236
2642
2580
2645
2547
2372
2518
2442
2624
2846
2341
2524
2269
2492
2092
2159
2411
2752
2210
2372
2331
2794
2377
2377
2823
2298
2811
2610
2476
2241
2540
2560
2480
2513
2834
2742
2627
2628
2306
2644
2646
2679
2573
2393
2489
2835
2543
2434
2515
2741
2731
2485
2705
2909
2631
2394
2366
2511
2373
2442
2303
2482
2542
2467
2471
2730
2309
2615
2757
2373
2849
2711
2491
2352
2698
2623
2542
2420
2871
2243
2554
2274
2702
2482
2235
2564
2461
2418
2467
2336
2485
2470
2438
2540
2496
2607
2371
2581
2620
2705
1953
2703
2490
2325
2439
2183
2069
2687
2104
2509
2085
2238
2205
2280
2176
2046
2243
2200
2023
2090
2205
2640
2173
2285
2651
2092
2408
2536
2099
2112
2308
2492
2194
2480
2391
2614
2265
2327
2021
2411
2110
2472
2151
2413
2307
2265
2226
2104
2447
2321
2522
2310
2242
2394
2436
2430
2406
2380
2042
2052
2170
2334
2277
2307
2201
2372
2076
2533
2449
2041
2453
2394
2452
2237
2465
2780
2343
2060
2651
2093
2275
2166
2215
2241
2140
2362
2386
2092
2409
2394
2431
2241
2237
2411
2417
2268
2122
2252
2293
2406
1718
2198
2103
2519
2408
2514
2373
2666
2144
2514
2210
2336
2371
2178
2270
2201
2472
2418
2123
2241
2610
2754
2382
2341
2701
2184
2778
2543
2039
2238
2305
2434
2377
2487
2441
2831
2518
2522
2123
2284
2434
2635
2484
2369
2440
2526
2247
2522
2705
2211
2658
2458
2126
2568
2727
2510
2467
2482
2195
2272
2424
2545
2441
2288
2327
2609
2305
2595
2564
1910
2506
2555
2440
2262
2493
2395
2515
2417
2529
2461
2364
2388
2495
2513
2370
2596
2478
2246
2422
2440
2421
2516
2332
2492
2458
2546
2391
2428
2461
2485
2088
2335
2096
2664
2532
2659
2645
2875
2341
2574
2404
2511
2210
2566
2241
2376
2460
2636
2261
2427
2299
2889
2616
2506
2988
2079
2735
2639
2382
2412
2587
2620
2635
2749
2584
2752
2542
2585
2443
2510
2582
2800
2741
2346
2430
2443
2488
2309
2637
2494
2830
2564
2672
2692
2789
2495
2567
2727
2138
2231
2504
2384
2619
2458
2450
2798
2420
2607
2772
2358
2872
2644
2889
2390
2615
2670
2389
2440
2785
2342
2583
2485
2672
2383
2578
2572
2672
2444
2433
2548
2584
2496
2555
2460
2554
2393
2514
2354
2514
2470
2149
2618
2161
2595
2678
2654
2562
2609
2270
2729
2269
2519
2270
2506
2166
2386
2394
2596
2104
2486
2199
2734
2633
2493
2773
2129
2826
2725
2309
2514
2509
2506
2618
2646
2636
2774
2557
2789
2381
2525
2761
2727
2796
2294
2377
2627
2567
2369
2866
2774
2758
2400
2510
2820
2874
2637
2699
2478
2426
2163
2417
2611
2716
2593
2479
2678
2452
2826
2777
2481
2908
2557
2628
2277
2733
2781
2439
2476
2796
2417
2526
2319
2432
2587
2766
2693
2887
2485
2513
2417
2676
2415
2389
2599
2359
2542
2406
2382
2681
2632
2099
2379
2467
2580
2525
2482
2544
2621
2507
2464
2458
2352
2306
2540
2184
2110
2351
2514
2149
2504
2265
2436
2567
2282
2790
2199
2714
2408
2306
2283
2337
2547
2451
2514
2417
2633
2521
2417
2170
2532
2330
2552
2403
2335
2444
2470
2675
2276
2646
2448
2753
2430
2552
2705
2610
2576
2367
2516
2286
2149
2375
2563
2508
2347
2150
2470
2377
2469
2674
2263
2770
2629
2773
2438
2602
2645
2472
2391
2788
2302
2437
2386
2550
2488
2325
2417
2711
2254
2457
2368
2398
2373
2449
2433
2381
2466
2266
2262
2401
2429
2035
2385
2095
2648
2697
2742
2644
2649
2523
2720
2567
2518
2472
2556
2283
2406
2471
2463
2199
2475
2365
2824
2548
2420
2820
2393
2855
2825
2654
2426
2640
2565
2447
2854
2640
2810
2599
2693
2404
2662
2598
2900
2596
2503
2563
2498
2647
2446
2806
2641
2930
2723
2786
2835
2794
2586
2696
2558
2224
2398
2415
2665
2601
2576
2501
2821
2450
2767
2886
2399
2950
2730
2803
2296
2708
2691
2549
2309
2661
2457
2534
2545
2776
2584
2638
2619
2620
2385
2439
2481
2503
2528
2515
2443
2541
2543
2540
2375
2627
2620
2106
2613
2396
2689
2673
2630
2629
2671
2610
2681
2474
2326
2447
2403
2012
2296
2455
2375
2244
2563
2430
3000
2599
2512
2786
2228
2758
2897
2485
2438
2461
2483
2515
2748
2793
2689
2451
2582
2375
2398
2714
2793
2693
2491
2625
2596
2623
2531
2813
2499
2795
2209
2642
2953
2564
2585
2585
2481
2416
2368
2333
2684
2721
2657
2359
2755
2526
2783
2709
2306
3024
2795
2704
2293
2628
2680
2476
2424
2722
2331
2594
2407
2648
2427
2401
2649
2756
2387
2500
2441
2671
2424
2365
2653
2516
2640
2432
2486
2715
2653
1995
2502
2076
2463
2453
2495
2650
2505
2477
2777
2316
2581
2445
2417
2336
2464
2570
2620
2227
2542
2424
2778
2441
2482
2958
2347
2820
2556
2481
2279
2339
2664
2552
2683
2541
2781
2500
2734
2180
2626
2567
2673
2489
2582
2532
2552
2617
2475
2581
2645
2725
2403
2471
2803
2690
2465
2608
2492
2347
2405
2403
2440
2571
2431
2330
2758
2390
2708
2883
2355
2698
2797
2602
2324
2554
2849
2316
2417
2728
2469
2743
2266
2610
2514
2465
2647
2518
2489
2553
2393
2484
2699
2583
2462
2597
2445
2333
2515
2456
2644
2096
2557
2461
2714
2620
2636
2588
2803
2585
2659
2577
2581
2229
2620
2211
2754
2421
2415
2213
2571
2307
2879
2611
2669
3011
2498
2888
2940
2516
2470
2488
2671
2467
2600
2589
2829
2481
2755
2388
2588
2702
2734
2537
2483
2432
2605
2679
2558
2590
2456
2772
2529
2653
2809
2802
2690
2619
2641
2468
2326
2321
2604
2582
2473
2397
2823
2624
2865
2978
2455
2820
2806
2838
2469
2561
2729
2671
2433
2805
2322
2496
2516
2653
2452
2590
2728
2980
2541
2498
2354
2569
2636
2625
2357
2529
2549
2395
2208
2701
2606
2211
2422
2390
2808
2753
2834
2885
2660
2953
2913
2919
2848
2825
2691
2558
2805
2537
2861
2489
2924
2586
3210
2929
2798
3329
2496
3132
3109
2905
2614
2716
2904
2575
3011
2894
3160
2853
2990
2579
2908
2962
3114
2934
2816
2917
2882
2899
2636
2957
2795
3268
2769
3119
2996
3126
2949
2599
2821
2584
2677
2776
2831
2715
2891
2664
3092
2799
2898
3226
2669
3411
3011
3151
2648
2883
3008
2790
2642
3059
2603
2960
2565
2907
2568
2936
2883
2965
2730
2712
2741
2889
2999
2649
2755
2832
2835
2731
2693
2925
3132
2395
2848
2667
2699
2498
2732
2629
2533
2393
2608
2390
2554
2240
2505
2359
2450
2716
2484
2181
2239
2416
2914
2425
2422
2814
2380
2754
2724
2463
2244
2593
2704
2376
2676
2754
2896
2397
2619
2276
2553
2490
2625
2378
2496
2297
2636
2466
2320
2530
2388
2856
2606
2447
2821
2716
2508
2499
2437
2207
2361
2410
2430
2460
2331
2636
2736
2434
2605
2883
2328
2639
2721
2634
2326
2664
2824
2595
2307
2748
2326
2459
2509
2531
2414
2475
2622
2620
2401
2555
2435
2647
2660
2408
2529
2441
2573
2362
2432
2489
2638
2103
2515
2432
2400
2300
2379
2426
2236
2306
2517
2139
2223
2136
2073
1945
2246
2252
2167
2088
2154
2151
2525
2161
2315
2604
1953
2633
2310
2060
1981
2253
2209
2120
2479
2371
2403
2120
2319
2194
2319
2408
2284
2401
2054
2115
2418
2403
2133
2198
2125
2190
2088
2174
2545
2463
2267
2213
2230
2295
1965
2152
2156
2424
2228
2114
2457
2016
2475
2373
2257
2556
2650
2229
2175
2250
2312
2131
2165
2449
1945
2350
2146
2210
2420
1979
2407
2459
2096
2410
2156
2304
2297
2300
2247
2134
2013
2090
2209
2218
2396
1598
2302
2085
2833
2690
2757
2855
2700
2452
2858
2553
2580
2397
2772
2182
2660
2725
2840
2399
2562
2579
2851
2601
2619
2911
2463
3112
2832
2470
2470
2417
2729
2598
2535
2740
2823
2890
2899
2495
2736
2756
2793
2696
2469
2529
2883
2575
2573
2818
2612
2857
2579
2636
2736
2997
2768
2825
2742
2554
2501
2618
2639
2783
2546
2599
2831
2513
2862
3018
2395
2959
2975
2812
2607
2543
2646
2798
2501
2887
2493
2489
2568
2635
2693
2665
2703
2912
2576
2653
2496
2853
2706
2728
2829
2571
2568
2727
2619
2734
2823
2376
2644
2643
2394
2218
2312
2328
2278
2412
2443
2300
2229
2154
2230
2245
2138
2215
2367
1933
2079
2053
2554
2258
2309
2547
2113
2529
2517
2243
2239
2318
2433
2140
2569
2364
2685
2185
2417
2228
2455
2270
2448
2424
2292
2291
2541
2446
2227
2436
2372
2543
2334
2418
2553
2335
2459
2316
2152
2076
1858
2312
2392
2213
2163
2347
2578
2151
2595
2485
2141
2618
2619
2382
2177
2241
2467
2467
2176
2448
2213
2347
2068
2323
2373
2078
2391
2374
2121
2156
2281
2386
2224
2193
2326
2183
2143
2141
2289
2347
2577
1791
2211
2250
2496
2618
2589
2502
2486
2258
2569
2219
2347
2263
2218
2117
2174
2398
2434
2169
2322
2239
2810
2339
2281
2649
2230
2673
2780
2329
2215
2561
2520
2300
2703
2569
2472
2279
2377
2291
2280
2447
2624
2493
2513
2390
2417
2485
2305
2492
2422
2642
2363
2373
2844
2659
2503
2625
2344
2139
2345
2240
2481
2519
2354
2348
2730
2320
2718
2633
2418
2845
2740
2565
2369
2562
2599
2397
2345
2686
2256
2254
2167
2592
2400
2459
2763
2538
2379
2358
2274
2512
2358
2546
2370
2562
2400
2378
2299
2525
2273
1956
2367
2217
2834
2841
2852
2808
2772
2591
2939
2678
2717
2334
2725
2443
2591
2797
2623
2517
2576
2511
3097
2734
2651
2978
2493
3247
3014
2624
2484
2773
2814
2705
2849
2810
3182
2788
2793
2592
2764
2708
2851
2935
2585
2503
2823
2823
2534
2890
2574
3025
2785
2754
2927
3023
2875
2805
2717
2433
2300
2564
2818
2570
2667
2507
2976
2443
2879
2831
2555
3022
2942
2870
2793
2726
3037
2777
2618
2938
2513
2737
2638
2612
2751
2612
2755
3022
2540
2686
2506
2934
2913
2660
2870
2641
2721
2725
2487
3005
3105
2301
2499
2662
2414
2525
2611
2592
2416
2329
2693
2150
2430
2438
2248
2166
2232
2481
2453
2317
2289
2181
2882
2547
2347
2819
2222
2888
2596
2200
2274
2545
2281
2247
2615
2618
2672
2424
2236
2152
2441
2346
2617
2612
2338
2478
2533
2475
2457
2645
2347
2718
2320
2438
2800
2548
2457
2499
2385
2333
2173
2273
2490
2521
2467
2408
2763
2387
2684
2774
2337
2731
2490
2618
2278
2320
2699
2552
2623
2668
2426
2522
2181
2540
2523
2500
2620
2501
2257
2565
2297
2615
2396
2456
2608
2463
2602
2375
2473
2620
2603
1928
2735
2211
2382
2441
2548
2453
2522
2237
2575
2245
2430
2226
2278
2286
2285
2246
2359
2069
2322
2077
2772
2587
2057
2834
2198
2714
2501
2336
2234
2406
2524
2226
2638
2437
2660
2588
2431
2266
2600
2581
2600
2621
2160
2395
2570
2479
2320
2518
2444
2729
2375
2721
2812
2748
2291
2478
2311
2259
2162
2232
2377
2505
2438
2481
2687
2505
2552
2751
2353
2877
2528
2600
2128
2470
2439
2354
2343
2472
2392
2346
2160
2408
2120
2395
2433
2463
2411
2268
2214
2585
2534
2373
2352
2404
2409
2339
2143
2779
2678
2143
2471
2352
2360
2249
2163
2062
2260
2264
2347
2119
2130
1995
2057
1798
2201
2256
2177
1759
2115
2056
2469
2195
2263
2555
1838
2334
2181
2174
1942
2281
2268
1901
2037
2234
2360
2163
2184
2012
2325
2411
2305
2239
2048
2146
2195
2422
2059
2409
2084
2565
2184
2250
2449
2381
2021
2119
2173
2148
2065
1944
2324
2162
2185
2177
2366
2129
2441
2516
2089
2584
2411
2209
2155
2307
2331
2145
2181
2432
2027
2229
1927
2282
2139
2193
2067
2402
2135
2058
2120
2443
2118
2128
2052
2232
2104
2090
2138
2201
2225
1846
2284
2154
2215
2158
2262
2500
2301
2210
2212
2114
2367
2192
2036
2006
2200
2309
2478
2095
2177
2128
2552
2351
2180
2470
1984
2702
2376
2109
2294
2257
2255
2266
2398
2570
2484
2323
2439
2134
2318
2280
2386
2638
2173
2356
2353
2271
2428
2372
2279
2456
2311
2325
2466
2378
2354
2493
2356
2073
2058
2201
2373
2349
2198
2172
2593
2121
2277
2455
1995
2673
2552
2512
2203
2243
2337
2249
2250
2422
2025
2305
2058
2207
2100
2283
2281
2358
2194
2273
2052
2266
2349
2324
2282
2187
2489
2196
2171
2353
2435
1880
2401
2096
2785
2482
2986
2765
2781
2466
2778
2385
2457
2298
2369
2429
2587
2520
2699
2404
2455
2544
2780
2513
2569
2744
2451
2786
2934
2466
2359
2632
2676
2639
2816
2651
2857
2560
2664
2367
2635
2648
2778
2637
2443
2368
2626
2631
2452
2742
2559
2906
2662
2807
2908
3036
2811
2520
2639
2545
2333
2571
2783
2749
2459
2700
2844
2587
2920
2944
2610
3076
2785
2702
2534
2651
2815
2793
2409
2909
2327
2574
2443
2780
2335
2406
2772
2821
2378
2468
2407
2711
2566
2374
2536
2554
2624
2579
2483
2968
2899
2123
2315
2483
2961
2965
3222
3226
2956
2835
3261
2664
3068
2836
2598
2714
2721
2989
3079
2549
2813
2683
3375
3042
2779
3344
2593
3239
3174
2713
2697
2895
2965
3007
3103
3000
3061
2936
3005
2438
2967
3003
3059
3093
2830
2767
2955
2989
2896
3174
2906
3303
2742
3048
3335
3396
3000
2888
2933
2834
2589
2761
2942
2910
2872
2853
3080
2840
3135
3240
2947
3423
3085
3140
2805
2890
3141
3001
2762
3296
2818
2800
2644
2924
2831
2723
3013
3148
2774
2740
2924
3195
2932
2823
3011
2953
2925
2940
2783
3161
3182
2550
2822
2782
2384
2303
2245
2290
2246
2368
2524
2314
2242
2059
2336
2047
2225
2210
2378
2101
2335
2204
2756
2256
2322
2621
2139
2597
2425
2439
2141
2297
2451
2327
2418
2317
2677
2320
2505
2122
2402
2420
2509
2295
2132
2240
2581
2360
2204
2485
2166
2706
2398
2432
2569
2672
2251
2334
2235
2098
2108
2086
2292
2421
2259
2408
2585
2285
2407
2424
2246
2535
2504
2250
2201
2459
2513
2227
2198
2439
2084
2400
2272
2383
2171
2073
2304
2315
2202
2170
2355
2287
2283
2169
2277
2446
2239
2233
2299
2423
2367
1866
2197
2189
2751
2548
2730
2833
2628
2568
2669
2523
2562
2551
2349
2227
2368
2651
2721
2337
2690
2617
2786
2550
2450
2841
2351
2898
2704
2446
2501
2448
2623
2331
2626
2582
2753
2571
2628
2301
2603
2613
2657
2715
2599
2607
2595
2598
2587
2758
2461
2852
2476
2573
2778
2710
2640
2564
2564
2361
2450
2554
2696
2557
2614
2337
2784
2381
2637
2979
2304
2892
2775
2681
2367
2582
2585
2534
2485
2820
2289
2474
2421
2542
2700
2635
2611
2746
2570
2429
2415
2660
2661
2568
2646
2488
2769
2308
2400
2629
2595
2184
2667
2482
2749
2692
2604
2561
2707
2492
2687
2476
2596
2242
2630
2350
2500
2623
2534
2333
2492
2626
2969
2631
2596
2836
2253
2777
2914
2602
2452
2562
2523
2628
2617
2789
3113
2631
2688
2385
2564
2776
2844
2723
2409
2400
2661
2715
2589
2586
2563
2838
2541
2546
2767
2916
2651
2736
2716
2619
2268
2609
2634
2552
2453
2517
2812
2408
2896
2944
2455
2943
2872
2675
2503
2653
2821
2673
2424
2857
2532
2758
2344
2520
2496
2509
2610
2846
2365
2666
2530
2737
2613
2585
2585
2697
2530
2312
2618
2731
2901
2159
2508
2448
2734
2742
2660
2732
2763
2489
2713
2529
2449
2443
2603
2306
2356
2585
2574
2221
2526
2403
2917
2469
2509
2800
2382
2763
2867
2514
2286
2517
2531
2505
2814
2814
2940
2581
2541
2326
2756
2562
2847
2816
2694
2591
2476
2555
2460
2685
2468
2969
2433
2707
2772
2873
2627
2678
2602
2328
2335
2525
2693
2521
2701
2343
2737
2351
2859
2890
2618
3013
2816
2826
2391
2540
2880
2550
2477
2716
2606
2513
2496
2593
2724
2427
2655
2792
2442
2610
2502
2792
2619
2442
2742
2676
2538
2451
2501
2658
2739
2082
2490
2436
2527
2432
2390
2562
2575
2390
2445
2292
2285
2221
2252
2125
2327
2149
2339
2207
2364
2394
2752
2449
2361
2714
2193
2609
2521
2342
2292
2221
2664
2222
2567
2325
2631
2188
2318
2115
2249
2444
2488
2278
2386
2377
2330
2271
2127
2491
2070
2709
2351
2322
2604
2536
2467
2175
2445
2220
2356
2221
2384
2377
2422
2302
2535
2404
2576
2760
2103
2688
2338
2418
2292
2485
2470
2235
2257
2769
2272
2436
2209
2432
2059
2282
2548
2472
2259
2422
2349
2678
2320
2165
2248
2473
2304
2383
2382
2513
2412
1969
2401
2116
2432
2230
2265
2297
2328
2236
2339
2280
2318
2216
2025
2115
2152
2079
2258
1925
2243
2114
2654
2436
2205
2584
2122
2615
2433
2165
2117
2182
2342
2137
2471
2269
2437
2288
2413
2105
2468
2497
2388
2375
2144
2359
2578
2303
2208
2427
2246
2463
2346
2455
2580
2625
2288
2416
2223
2073
2060
2106
2439
2302
2267
2279
2567
2306
2467
2573
2236
2579
2377
2430
2099
2366
2256
2272
2377
2601
2146
2155
2152
2211
2256
2229
2346
2217
2294
2046
2272
2493
2273
2368
2177
2323
2371
2145
2170
2489
2438
1850
2243
2205
2682
2553
2607
2679
2556
2235
2357
2332
2314
1977
2536
2115
2460
2385
2399
2074
2323
2264
2788
2492
2565
2743
2379
2769
2561
2228
2210
2426
2484
2349
2525
2390
2742
2511
2515
2470
2454
2582
2684
2650
2309
2176
2590
2614
2330
2567
2308
2704
2280
2495
2686
2612
2467
2522
2624
1999
2192
2422
2478
2398
2326
2455
2724
2432
2514
2785
2452
2690
2705
2703
2222
2556
2520
2288
2295
2553
2096
2361
2554
2485
2565
2420
2593
2692
2368
2362
2357
2527
2434
2575
2447
2346
2317
2315
2258
2174
2380
2156
2463
2210
2424
2513
2622
2630
2649
2343
2663
2435
2451
2335
2389
2440
2493
2572
2586
2310
2549
2149
2767
2526
2532
2822
2127
2730
2684
2343
2587
2377
2334
2708
2824
2739
2863
2605
2805
2339
2513
2717
2568
2660
2524
2400
2522
2738
2429
2799
2729
2786
2296
2684
2862
2872
2684
2511
2521
2412
2221
2481
2456
2549
2437
2411
2785
2420
2919
2880
2409
2882
2879
2492
2382
2587
2728
2564
2305
2723
2523
2606
2375
2529
2485
2572
2625
2833
2467
2480
2440
2695
2530
2485
2660
2423
2332
2478
2443
2505
2752
2111
2423
2482
2274
2438
2301
2479
2454
2489
2880
2317
2329
2152
2412
2184
2311
2331
2481
2151
2362
2247
2788
2265
2575
2615
2184
2638
2848
2356
2266
2593
2445
2430
2786
2460
2606
2376
2525
2235
2602
2662
2729
2643
2126
2095
2486
2482
2514
2654
2480
2819
2317
2587
2783
2736
2559
2555
2439
2182
2254
2245
2638
2426
2389
2269
2744
2334
2577
2704
2454
2840
2567
2530
2357
2405
2589
2398
2587
2526
2359
2621
2292
2436
2298
2337
2400
2508
2391
2238
2130
2528
2535
2339
2407
2505
2447
2477
2300
2458
2506
2197
2484
2172
2518
2269
2741
2503
2385
2364
2492
2340
2360
2371
2284
2070
2234
2344
2448
2275
2370
2316
2587
2475
2482
2460
2271
2676
2700
2223
2211
2286
2392
2245
2536
2540
2812
2239
2360
2212
2353
2465
2665
2393
2328
2312
2471
2276
2229
2578
2110
2653
2264
2523
2617
2620
2321
2238
2592
2184
2156
2195
2379
2447
2442
2462
2611
2451
2552
2710
2142
2643
2462
2537
2040
2272
2555
2270
2488
2647
2527
2326
2196
2370
2443
2388
2648
2410
2262
2427
2361
2421
2419
2286
2401
2353
2372
2361
2142
2608
2427
1823
2320
2476
2721
2417
2415
2370
2703
2245
2747
2368
2426
2257
2386
2162
2428
2445
2343
2086
2369
2407
2690
2393
2402
2746
2275
2630
2557
2379
2029
2521
2469
2328
2478
2486
2725
2483
2235
2122
2453
2590
2636
2356
2562
2316
2598
2583
2251
2452
2205
2766
2455
2741
2800
2983
2611
2330
2462
2288
2291
2292
2567
2379
2386
2546
2715
2537
2762
2671
2361
2693
2619
2682
2408
2495
2624
2449
2415
2634
2406
2267
2488
2449
2376
2308
2600
2650
2478
2218
2309
2646
2434
2434
2474
2500
2485
2225
2517
2481
2613
2145
2366
2459
2596
2435
2558
2576
2518
2395
2480
2351
2409
2189
2410
2183
2205
2193
2514
2072
2233
2149
2608
2328
2225
2885
2182
2583
2559
2319
2168
2428
2337
2438
2615
2576
2463
2373
2389
2306
2416
2405
2529
2559
2306
2367
2189
2251
2331
2531
2386
2599
2313
2550
2803
2581
2426
2414
2441
2152
2134
2303
2358
2314
2389
2218
2571
2125
2523
2647
2438
2780
2622
2530
2384
2470
2756
2307
2160
2497
2263
2308
2214
2482
2376
2347
2591
2494
2328
2325
2280
2529
2416
2355
2465
2389
2248
2394
2332
2388
2456
2008
2230
2253
3083
2776
2866
3005
2869
2866
3059
2661
2864
2735
2650
2456
2721
2947
2776
2410
2727
2782
3151
2746
2842
3226
2573
3095
3015
2697
2583
2761
2704
2652
2904
2835
3023
2877
2905
2429
2952
2945
2779
2795
2907
2758
2969
3022
2678
2910
2707
2859
2721
2772
3155
3047
2768
2765
2909
2659
2726
2650
2896
2824
2687
2704
3013
2616
2862
3261
2710
3191
3122
2980
2610
2880
2938
2797
2629
3034
2577
2830
2719
2831
3090
2527
3010
2871
2904
2610
2817
2931
3021
2865
2747
2789
2794
2628
2844
2760
2811
2373
2755
2660
2660
2442
2459
2435
2699
2513
2602
2287
2520
2168
2605
2287
2423
2487
2511
2154
2493
2266
2645
2384
2481
2723
2267
2905
2722
2398
2283
2464
2483
2474
2746
2540
2857
2497
2706
2293
2738
2672
2521
2502
2476
2275
2626
2533
2452
2654
2509
2694
2488
2525
2701
2793
2649
2678
2604
2306
2168
2390
2637
2432
2390
2334
2802
2354
2603
2840
2440
2736
2619
2600
2194
2598
2639
2494
2538
2737
2182
2422
2305
2567
2493
2561
2571
2544
2365
2673
2481
2567
2536
2468
2457
2428
2368
2304
2271
2492
2511
2011
2466
2319
2593
2407
2305
2370
2723
2399
2533
2166
2394
2155
2430
2179
2296
2345
2432
2001
2240
2217
2591
2396
2547
2448
2110
2598
2650
2312
2249
2461
2566
2505
2739
2403
2555
2400
2497
2375
2572
2579
2511
2426
2224
2254
2522
2630
2235
2631
2532
2668
2281
2380
2777
2696
2586
2533
2381
2247
1987
2155
2710
2474
2372
2309
2461
2268
2589
2676
2336
2675
2612
2665
2249
2596
2412
2474
2348
2759
2221
2409
2470
2484
2441
2249
2421
2623
2312
2317
2277
2474
2234
2470
2525
2333
2319
2319
2316
2469
2395
1963
2361
2159
2580
2623
2679
2559
2693
2444
2731
2446
2537
2444
2361
2427
2256
2485
2516
2193
2282
2470
2794
2501
2404
2809
2259
2797
2888
2400
2414
2674
2628
2694
2849
2621
2935
2499
2558
2144
2672
2647
2718
2678
2353
2370
2566
2691
2486
2624
2562
2820
2404
2527
2740
2764
2495
2575
2643
2440
2228
2434
2503
2572
2452
2547
2767
2438
2465
2609
2406
2706
2407
2743
2278
2687
2806
2384
2392
2786
2447
2599
2241
2341
2740
2381
2737
2629
2320
2697
2432
2560
2636
2360
2600
2595
2378
2328
2438
2741
2730
1937
2664
2497
2811
2912
2527
2916
2964
2503
2983
2518
2637
2518
2644
2417
2526
2676
2721
2301
2538
2529
2950
2675
2718
3072
2496
2825
3017
2479
2337
2817
2864
2562
2959
2600
2956
2879
2790
2406
2933
2561
2824
2662
2601
2553
2615
2866
2562
2571
2759
3063
2466
2821
2921
3046
2783
2803
2790
2496
2525
2452
2739
2661
2767
2615
2848
2624
2788
3056
2624
3019
2928
2847
2473
2918
2750
2492
2536
2875
2506
2656
2641
2711
2681
2609
2810
2939
2508
2651
2569
2763
2797
2804
2673
2819
2529
2365
2535
2751
2723
2278
2635
2426
2712
2436
2583
2545
2704
2399
2582
2406
2631
2293
2306
2080
2439
2574
2471
2273
2428
2513
2851
2567
2481
2867
2362
2691
2721
2345
2418
2565
2470
2572
2598
2555
2765
2523
2435
2249
2601
2616
2463
2447
2448
2309
2566
2555
2378
2730
2274
2698
2469
2489
2799
2755
2427
2542
2622
2239
2388
2355
2510
2294
2554
2414
2796
2421
2458
2699
2311
2721
2697
2646
2172
2570
2733
2409
2413
2763
2412
2416
2305
2393
2656
2442
2641
2615
2468
2440
2491
2633
2507
2540
2529
2626
2485
2352
2350
2517
2501
2292
2611
2450
2856
2685
2761
2936
2712
2616
2959
2456
2643
2579
2530
2379
2501
2723
2755
2467
2659
2696
3019
2717
2585
3107
2439
3125
2942
2656
2472
2793
2593
2820
3040
2812
2865
2722
2819
2508
2633
2825
2806
2913
2468
2536
2706
2873
2657
2818
2841
2943
2568
2839
3235
3053
2678
2778
2830
2695
2429
2379
2671
2860
2668
2597
2786
2536
2763
2904
2635
3155
2860
2824
2386
2785
2999
2550
2563
2863
2477
2832
2453
2736
2835
2555
2763
2836
2603
2709
2643
2608
2724
2785
2743
2676
2786
2511
2633
2940
2733
2234
2768
2605
2861
2920
2897
3082
2772
2716
2960
2652
2821
2474
2719
2403
2715
2812
2837
2612
2437
2572
3281
2922
2792
2958
2651
3236
3156
2917
2742
2675
2896
2789
2833
3124
3088
2719
3032
2607
3018
2898
3121
3014
2731
2673
2849
2945
2640
2856
2727
3200
2856
2818
2928
2958
2811
3094
3053
2662
2713
2661
2928
2733
2606
2589
3107
2633
3105
3011
2693
3156
3130
2937
2462
2798
3095
2908
2738
2945
2605
2705
2780
2852
2742
2656
2787
3139
2786
2742
2719
2873
2879
2766
2730
2616
2882
2710
2605
2908
3024
2359
2738
2716
2594
2423
2494
2580
2414
2436
2563
2303
2428
2309
2311
2136
2408
2512
2342
2030
2378
2292
2830
2454
2416
2740
2312
2815
2473
2344
2326
2422
2458
2277
2498
2368
2555
2422
2439
2193
2407
2416
2555
2632
2493
2413
2471
2594
2343
2506
2405
2723
2524
2469
2823
2553
2659
2471
2378
2117
2272
2238
2529
2551
2279
2347
2885
2315
2687
2639
2319
2845
2641
2550
2463
2523
2425
2486
2335
2619
2228
2534
2343
2556
2459
2398
2619
2548
2305
2359
2255
2457
2412
2616
2355
2395
2489
2256
2508
2581
2417
2173
2754
2193
2706
2513
2539
2655
2534
2497
2682
2429
2496
2247
2435
2259
2257
2369
2525
2312
2488
2538
2965
2535
2343
2939
2305
2692
2749
2428
2174
2598
2527
2335
2745
2473
2630
2420
2471
2177
2488
2588
2807
2471
2454
2328
2621
2273
2499
2710
2332
2790
2571
2570
2722
2709
2420
2406
2473
2238
2368
2420
2565
2513
2425
2446
2767
2510
2610
2842
2309
2650
2675
2773
2265
2405
2697
2427
2290
2852
2274
2535
2264
2702
2516
2353
2702
2633
2392
2516
2405
2716
2526
2356
2489
2585
2572
2556
2338
2611
2541
2041
2570
2308
2579
2330
2378
2530
2612
2086
2315
2163
2394
1991
2285
2224
2303
2325
2335
2101
2133
2238
2764
2462
2275
2896
2083
2439
2436
2092
2184
2321
2407
2078
2422
2497
2598
2374
2433
2078
2406
2252
2474
2502
2153
2252
2430
2307
2155
2404
2283
2495
2209
2407
2542
2500
2351
2521
2436
2131
1995
2396
2235
2235
2257
2190
2386
2277
2593
2450
2254
2681
2674
2567
2071
2359
2529
2454
2343
2421
2181
2188
2408
2210
2312
2338
2518
2577
2193
2183
2254
2480
2283
2269
2612
2160
2319
2060
2219
2317
2379
2048
2251
2176
2875
2759
2715
2852
2972
2820
2928
2471
2856
2530
2536
2484
2635
2616
2821
2432
2702
2598
3207
2932
2591
3341
2480
2903
2975
2619
2488
2845
2942
2565
3029
2947
2972
2800
2814
2568
2785
2868
2877
2942
2630
2643
2751
2723
2690
2891
2694
3252
2830
2753
3162
2968
2606
2881
2662
2459
2491
2703
2726
2746
2630
2561
2863
2643
2946
3003
2822
3217
3163
2990
2697
2860
3250
2725
2730
3083
2432
2788
2482
2854
2638
2781
2944
2880
2641
2771
2568
2915
2688
2705
2747
2890
2665
2646
2558
2746
2827
2202
2665
2534
2423
2610
2558
2673
2592
2450
2776
2308
2544
2429
2411
2203
2406
2302
2601
2218
2483
2432
2865
2469
2568
2849
2290
2910
2646
2544
2513
2339
2541
2682
2777
2722
2760
2433
2596
2329
2654
2930
2760
2649
2481
2432
2517
2614
2401
2511
2690
2859
2505
2614
2871
2795
2611
2530
2547
2409
2484
2462
2631
2626
2462
2360
2894
2418
2739
2817
2388
2996
2616
2891
2327
2563
2740
2529
2497
2669
2301
2805
2293
2752
2501
2551
2535
2857
2594
2525
2471
2575
2571
2545
2297
2647
2652
2311
2418
2505
2746
2074
2390
2288
2420
2476
2391
2462
2613
2143
2590
2283
2294
2211
2231
2375
2270
2346
2475
2223
2301
2175
2856
2422
2477
2848
2106
2854
2543
2282
2218
2381
2421
2403
2675
2563
2877
2333
2499
2225
2412
2454
2702
2545
2236
2352
2476
2488
2328
2466
2475
2649
2572
2312
2746
2653
2599
2622
2474
2165
2135
2463
2347
2512
2476
2234
2584
2268
2834
2615
2379
2657
2620
2498
2377
2613
2708
2348
2419
2718
2576
2407
2334
2578
2471
2558
2561
2413
2272
2509
2453
2433
2412
2525
2486
2312
2387
2398
2350
2492
2601
1914
2442
2304
2566
2582
2700
2730
2688
2534
2757
2463
2539
2516
2398
2353
2521
2560
2750
2225
2583
2422
2710
2581
2546
2919
2368
2875
2799
2452
2548
2316
2437
2707
2691
2784
2779
2635
2698
2244
2556
2731
2571
2871
2514
2483
2625
2588
2587
2961
2612
3056
2408
2755
3040
2969
2617
2560
2536
2532
2491
2540
2823
2666
2549
2453
2778
2390
2856
2837
2490
2978
2642
2674
2513
2566
2768
2731
2405
2733
2482
2462
2429
2689
2675
2415
2549
2675
2576
2455
2361
2620
2596
2519
2678
2549
2600
2556
2510
2752
2602
2283
2607
2425
2302
2326
2301
2430
2505
2354
2412
2155
2297
2151
2137
2073
2219
2277
2225
1928
2147
2069
2558
2278
2229
2653
2240
2448
2501
2206
2097
2327
2327
2340
2575
2294
2474
2226
2359
2128
2357
2193
2447
2574
2226
2212
2419
2328
2329
2403
2318
2470
2152
2375
2503
2522
2397
2430
2415
2053
1843
2103
2455
2286
2193
2258
2469
2102
2392
2310
2231
2597
2301
2357
2187
2542
2401
2264
2043
2523
2032
2288
2225
2156
2385
2181
2442
2360
2037
2371
2102
2124
2279
2181
2394
2107
2120
2040
2210
2387
2318
1894
2316
2069
2817
2355
2724
2511
2637
2334
2503
2382
2704
2389
2652
2275
2382
2400
2502
2124
2447
2630
2816
2482
2230
2971
2300
2666
2865
2385
2390
2428
2512
2709
2768
2698
2675
2390
2424
2176
2472
2553
2762
2778
2474
2276
2554
2424
2451
2597
2434
2877
2449
2604
2863
2808
2433
2600
2492
2333
2262
2608
2585
2608
2367
2330
2646
2304
2631
2678
2318
2817
2686
2862
2402
2577
2696
2612
2366
2839
2522
2520
2446
2552
2481
2559
2560
2614
2324
2590
2206
2593
2464
2337
2795
2620
2753
2465
2484
2606
2524
2254
2530
2162
2277
2458
2496
2467
2354
2245
2584
2039
2249
2190
2286
2077
2061
2344
2369
2103
2277
2115
2576
2340
2280
2551
2218
2776
2516
2061
2174
2414
2507
2295
2466
2313
2554
2265
2346
2110
2552
2258
2589
2417
2323
2482
2459
2311
2203
2564
2191
2680
2292
2284
2574
2695
2406
2365
2440
2166
2326
2378
2340
2463
2262
2175
2724
2244
2627
2608
2242
2607
2457
2467
2128
2281
2623
2220
2402
2455
1992
2411
2377
2300
2285
2035
2379
2361
2391
2306
2399
2360
2333
2297
2346
2384
2341
2168
2345
2352
2296
1853
2391
2099
2517
2466
2447
2446
2348
2488
2518
2355
2407
2164
2418
2178
2321
2447
2344
2209
2258
2273
2664
2374
2492
2730
2293
2889
2639
2331
2231
2477
2221
2347
2821
2472
2936
2311
2398
2236
2558
2644
2523
2607
2320
2349
2493
2688
2147
2331
2428
2644
2294
2498
2851
2722
2382
2307
2614
2375
2309
2133
2334
2340
2418
2548
2825
2385
2429
2661
2382
2813
2538
2490
2303
2532
2387
2524
2637
2727
2371
2592
2418
2434
2463
2327
2413
2569
2284
2407
2272
2542
2578
2366
2456
2276
2417
2349
2481
2701
2704
2209
2635
2359
2740
2601
2561
2878
2686
2537
2861
2388
2523
2438
2501
2319
2353
2437
2575
2350
2413
2362
2858
2473
2786
2841
2382
2864
2765
2674
2242
2729
2435
2555
2759
2639
2632
2363
2469
2400
2800
2713
2772
2737
2512
2481
2589
2559
2470
2639
2471
2684
2472
2510
2961
2769
2633
2800
2801
2551
2250
2358
2725
2499
2636
2471
2999
2295
2783
2810
2494
2863
2726
2515
2499
2535
2630
2512
2603
2731
2312
2562
2531
2507
2642
2468
2620
2577
2736
2447
2419
2770
2717
2487
2566
2428
2421
2433
2606
2623
2745
2139
2591
2344
2873
2589
2896
2730
2781
2490
2804
2385
2648
2422
2509
2533
2568
2642
2496
2333
2488
2574
2942
2611
2774
2963
2517
3045
2924
2479
2294
2562
2681
2673
2784
2766
2927
2642
2712
2416
2571
2788
2799
2750
2601
2485
2689
2574
2647
2909
2712
2764
2495
2521
2967
2931
2849
2730
2850
2483
2298
2342
2802
2706
2626
2727
2925
2546
3034
3023
2501
2966
2804
2682
2595
2800
2796
2722
2621
2926
2635
2746
2395
2696
2750
2638
2953
2871
2588
2598
2596
2809
2715
2603
2545
2618
2595
2431
2560
2723
3059
2316
2502
2561
2524
2284
2499
2494
2588
2438
2662
2261
2358
2351
2380
2267
2105
2320
2336
2224
2338
2171
2821
2430
2490
2796
2248
2751
2585
2306
2078
2362
2412
2368
2555
2534
2827
2454
2454
1996
2410
2454
2534
2329
2557
2315
2583
2448
2267
2506
2335
2815
2392
2513
2722
2703
2504
2294
2494
2194
2384
2237
2523
2416
2341
2316
2708
2453
2680
2683
2286
2611
2449
2519
2359
2438
2605
2452
2529
2743
2356
2503
2304
2661
2436
2314
2555
2468
2455
2365
2356
2426
2444
2287
2435
2434
2549
2191
2228
2520
2587
1955
2576
2279
2703
2374
2663
2468
2438
2368
2658
2327
2608
2357
2425
2216
2311
2493
2689
2235
2422
2319
2695
2369
2479
2562
2200
2874
2628
2397
2314
2405
2449
2592
2715
2671
2745
2380
2546
2204
2797
2703
2668
2676
2566
2452
2542
2623
2318
2597
2519
2916
2431
2531
2756
2741
2576
2546
2498
2354
2269
2365
2420
2521
2451
2546
2839
2213
2712
2686
2487
2784
2744
2558
2418
2495
2655
2560
2577
2685
2470
2668
2250
2590
2435
2371
2549
2603
2429
2548
2229
2723
2364
2510
2619
2398
2515
2562
2478
2583
2747
2142
2463
2352
2419
2537
2353
2390
2519
2388
2583
2297
2389
2270
2438
2109
2189
2296
2442
2153
2383
2254
2513
2322
2178
2749
2269
2543
2562
2287
2376
2437
2404
2484
2768
2402
2509
2324
2449
2253
2435
2594
2551
2548
2249
2302
2265
2516
2293
2541
2443
2693
2216
2615
2785
2675
2372
2332
2421
2403
2194
2008
2470
2434
2418
2185
2680
2319
2415
2441
2139
2777
2361
2351
2238
2455
2571
2369
2403
2556
2303
2396
2051
2404
2253
2263
2406
2549
2272
2337
2150
2507
2325
2268
2388
2365
2395
2249
2414
2658
2573
1999
2425
2232
2458
2390
2533
2531
2782
2431
2715
2297
2398
2286
2324
2314
2322
2487
2373
2120
2343
2327
2782
2243
2482
2631
2145
2518
2599
2466
2095
2593
2632
2351
2662
2638
2727
2589
2720
2193
2533
2493
2539
2611
2283
2253
2547
2551
2250
2425
2403
2608
2342
2569
2678
2739
2462
2553
2507
2221
2196
2275
2512
2411
2333
2416
2656
2321
2540
2599
2400
2802
2648
2412
2370
2783
2744
2354
2336
2738
2104
2477
2329
2288
2416
2316
2485
2574
2293
2277
2260
2410
2583
2394
2560
2535
2379
2218
2244
2483
2512
1978
2285
2325
2622
2504
2483
2530
2754
2494
2698
2290
2386
2344
2306
2040
2432
2298
2406
2080
2439
2355
2738
2451
2431
2664
2214
2702
2506
2320
2171
2586
2564
2546
2585
2810
2631
2437
2594
2408
2714
2599
2591
2749
2463
2431
2690
2444
2378
2566
2464
2765
2553
2654
2769
2652
2413
2609
2430
2295
2460
2495
2566
2516
2444
2338
2732
2274
2736
2751
2549
2798
2792
2574
2345
2758
2805
2208
2315
2719
2180
2502
2292
2414
2378
2421
2517
2657
2488
2606
2357
2527
2478
2560
2419
2781
2349
2201
2309
2329
2368
2069
2401
2473
2593
2569
2388
2474
2726
2366
2564
2142
2495
2228
2533
2089
2364
2338
2319
2320
2423
2332
2838
2302
2491
2852
2213
2830
2725
2345
2106
2669
2381
2513
2646
2604
2631
2232
2369
2261
2444
2481
2509
2348
2493
2179
2544
2478
2310
2436
2376
2508
2488
2380
2850
2795
2450
2430
2412
2250
2368
2434
2431
2469
2320
2289
2739
2499
2635
2600
2343
2673
2664
2711
2420
2582
2880
2479
2396
2913
2124
2525
2240
2610
2489
2516
2610
2673
2456
2433
2375
2494
2492
2539
2367
2604
2461
2276
2196
2523
2572
2040
2541
2233
2649
2635
2857
2676
2665
2558
2854
2209
2712
2593
2466
2211
2414
2311
2590
2362
2407
2336
2874
2565
2546
2849
2302
3124
2848
2448
2623
2640
2591
2632
2717
2938
2790
2520
2729
2404
2639
2737
2758
2880
2337
2591
2815
2596
2558
2863
2449
2892
2551
2619
3140
2886
2644
2702
2700
2526
2484
2550
2635
2841
2595
2694
2962
2491
2790
2690
2375
2987
2721
2815
2302
2531
2696
2623
2609
2692
2374
2637
2495
2605
2400
2548
2723
2734
2632
2517
2539
2594
2799
2500
2536
2616
2791
2542
2506
2959
2749
2143
2525
2395
2529
2592
2434
2632
2584
2357
2739
2423
2482
2251
2521
2209
2398
2363
2517
2085
2496
2363
2959
2518
2512
2868
2128
2560
2625
2433
2295
2403
2525
2458
2597
2586
2752
2597
2640
2288
2558
2734
2594
2655
2339
2321
2605
2733
2297
2488
2538
2751
2477
2640
2771
2834
2466
2486
2548
2251
2252
2458
2381
2397
2395
2433
2583
2412
2656
2735
2350
2900
2756
2698
2406
2630
2713
2410
2299
2854
2357
2632
2374
2367
2570
2481
2501
2789
2432
2367
2290
2541
2568
2555
2590
2312
2460
2438
2276
2497
2671
2156
2412
2317
2393
2363
2362
2406
2537
2310
2503
2256
2330
2119
2342
2022
2281
2324
2315
2165
2293
2117
2583
2333
2497
2527
2028
2602
2667
2050
2265
2489
2408
2208
2659
2377
2675
2326
2387
2195
2451
2477
2605
2587
2305
2221
2466
2526
2298
2363
2341
2638
2174
2498
2522
2632
2478
2308
2283
2252
2124
2343
2357
2359
2359
2332
2728
2426
2541
2644
2151
2807
2624
2481
2161
2323
2343
2354
2589
2569
2171
2458
2194
2344
2110
2332
2282
2594
2268
2238
2220
2482
2396
2322
2395
2286
2478
2173
2146
2515
2583
2085
2250
2084
2212
2228
2344
2358
2344
2246
2586
2145
2162
2286
2181
1988
2057
2210
2184
2056
2211
2262
2519
2220
2220
2416
2031
2498
2615
2345
2169
2329
2146
2259
2542
2220
2619
2254
2343
1921
2330
2233
2299
2263
2198
2176
2282
2454
2151
2351
2220
2491
2297
2405
2770
2519
2148
2321
2188
2108
2152
2187
2355
2286
2106
2042
2415
2172
2377
2263
1929
2677
2332
2172
2111
2225
2383
2331
2212
2398
2170
2280
2183
2261
2359
2111
2283
2356
2076
2143
2239
2180
2191
2147
2333
2400
2333
2183
2134
2583
2329
1861
2214
2119
2773
2348
2786
2695
2641
2527
2730
2568
2608
2414
2573
2399
2518
2494
2620
2366
2490
2427
3104
2593
2505
3175
2231
2909
2868
2630
2291
2546
2726
2675
2812
2703
2941
2546
2678
2510
2457
2813
2968
2848
2488
2498
2797
2680
2593
2882
2490
3078
2365
2617
2912
2903
2604
2565
2460
2556
2326
2572
2612
2659
2598
2617
2843
2525
2764
2843
2530
2860
2807
2874
2575
2728
2898
2522
2634
2958
2618
2900
2366
2647
2600
2638
2600
2751
2544
2498
2178
2778
2650
2358
2750
2640
2702
2755
2622
2739
2800
2279
2440
2400
2844
2458
2729
2813
2687
2607
2749
2451
2529
2431
2615
2289
2618
2645
2793
2326
2590
2533
2738
2834
2699
2780
2400
3084
2752
2429
2386
2664
2686
2612
2737
2553
2838
2702
2704
2317
2829
2617
2744
2829
2579
2569
2635
2748
2586
2987
2719
3009
2662
2670
2830
2872
2873
2784
2651
2384
2309
2550
2695
2712
2515
2640
2848
2607
2675
2760
2546
2941
2935
2802
2541
2620
2910
2690
2785
2819
2386
2717
2595
2662
2690
2409
2894
2950
2641
2467
2516
2572
2608
2794
2641
2437
2621
2587
2638
2814
2763
2444
2690
2451
2429
2222
2382
2540
2674
2269
2503
2030
2294
2189
2280
1982
2216
2345
2525
2196
2372
2206
2648
2325
2493
2548
2246
2575
2494
2224
2287
2242
2358
2455
2416
2501
2572
2397
2430
2305
2278
2265
2484
2343
2244
2305
2436
2338
2179
2574
2244
2589
2197
2397
2778
2578
2552
2305
2522
2040
2147
2195
2509
2386
2296
2182
2576
2283
2634
2585
2124
2702
2499
2520
2246
2318
2524
2458
2372
2603
2103
2470
2408
2402
2360
2295
2439
2585
2412
2090
2179
2338
2238
2375
2385
2306
2434
2183
2215
2392
2379
2033
2186
2126
2814
2647
2615
2640
2801
2486
2802
2445
2654
2381
2443
2471
2456
2715
2647
2325
2496
2433
3062
2701
2728
3106
2313
3044
2836
2657
2260
2775
2660
2506
2731
2598
2876
2473
2591
2437
2835
2697
2662
2640
2463
2555
2624
2661
2478
2616
2520
2814
2680
2439
3069
3070
2588
2792
2673
2228
2266
2452
2662
2549
2578
2526
2852
2414
2887
2833
2657
2964
2865
2779
2649
2722
2816
2537
2580
2761
2507
2645
2612
2588
2643
2689
2753
2736
2676
2572
2557
2790
2623
2694
2564
2597
2404
2495
2298
2667
2797
2234
2568
2395
2499
2399
2610
2778
2568
2432
2607
2463
2579
2222
2375
2312
2349
2491
2612
2307
2388
2213
2514
2450
2237
2898
2310
2837
2633
2307
2442
2543
2436
2632
2851
2664
2580
2448
2487
2220
2568
2603
2572
2723
2350
2419
2345
2351
2574
2570
2612
2645
2514
2542
2755
2803
2586
2405
2493
2220
2123
2408
2372
2610
2372
2269
2605
2223
2615
2783
2505
2871
2649
2634
2537
2613
2874
2486
2346
2619
2437
2556
2348
2501
2448
2425
2575
2498
2396
2463
2279
2536
2513
2462
2540
2341
2567
2512
2502
2523
2645
2029
2430
2250
2971
2941
2893
3201
2652
2833
3015
2776
2812
2723
2666
2480
2547
2827
2986
2782
3004
2629
3233
2909
2837
3432
2760
3508
2971
2777
2702
2705
2884
2966
3252
3134
3115
2759
2915
2717
2964
3045
3000
2918
2754
3016
3201
2817
2925
3125
2940
3105
2736
2955
3377
3091
2837
2981
2974
2864
2770
2683
2929
2989
2948
2843
3135
2817
3152
3276
2727
3297
2902
2943
2655
3097
3227
2902
2750
3147
2899
3044
2716
3067
2866
2965
2973
2932
2860
3000
2833
2829
2931
2655
3057
2832
3011
2813
2957
3103
3045
2452
2964
2732
2501
2598
2528
2518
2473
2417
2373
2336
2446
2265
2260
2151
2229
2388
2441
2204
2465
2205
2781
2422
2373
2740
2224
2663
2690
2454
2312
2379
2494
2370
2438
2726
2744
2232
2291
2144
2521
2509
2825
2715
2432
2420
2590
2593
2423
2528
2287
2792
2414
2466
2696
2695
2293
2582
2538
2198
2345
2258
2625
2424
2448
2481
2799
2381
2632
2824
2440
2851
2454
2629
2235
2532
2540
2323
2388
2658
2404
2408
2216
2494
2406
2400
2364
2582
2337
2380
2377
2520
2420
2366
2354
2569
2431
2186
2210
2552
2445
2005
2451
2462
2731
2610
2638
2514
2740
2364
2801
2399
2537
2281
2553
2247
2311
2459
2587
2343
2407
2376
2831
2498
2474
2888
2342
2724
2753
2529
2474
2447
2513
2559
2742
2644
2817
2476
2607
2391
2680
2567
2817
2701
2491
2356
2539
2638
2429
2800
2364
2906
2428
2656
2762
2842
2515
2603
2955
2344
2344
2482
2613
2654
2375
2528
2820
2421
2701
2931
2623
2769
2646
2595
2359
2751
2852
2502
2332
2641
2306
2640
2472
2588
2448
2533
2777
2802
2522
2646
2483
2706
2591
2447
2571
2626
2510
2418
2529
2474
2529
2181
2541
2202
2791
2702
2654
2609
2519
2581
2651
2576
2507
2344
2630
2150
2490
2538
2676
2348
2709
2518
2853
2550
2723
2767
2155
2798
2968
2570
2410
2452
2450
2752
2629
2639
2879
2462
2891
2367
2809
2834
2912
2570
2521
2328
2705
2730
2600
2633
2367
2916
2505
2659
2930
3012
2598
2665
2649
2405
2470
2495
2651
2706
2518
2583
2938
2401
2734
2883
2613
2902
2877
2674
2418
2514
2640
2461
2439
2938
2404
2601
2496
2587
2531
2315
2459
2799
2532
2552
2644
2747
2627
2520
2531
2604
2473
2530
2610
2732
2800
2106
2384
2507
