1330
1229
1331
1271
1321
1233
1226
1366
1344
1017
998
1333
1260
1153
1097
1388
1367
1138
1286
1287
1289
1227
1231
1188
1435
1316
1199
1024
1196
1317
1363
1238
1123
1438
1211
1293
1360
1344
1051
1182
1362
1130
1213
1193
1356
1327
1198
1456
1285
1134
1254
1286
1159
1295
1349
1208
1322
1330
1374
968
1029
1253
1181
1153
1132
1330
1123
1324
1395
1294
1031
1220
1219
1096
1425
1425
1187
1151
1110
1362
1189
1251
1135
1492
1266
1394
1319
1328
1079
1404
1310
1067
1095
1163
1346
1281
1266
1342
1180
1382
1268
1107
1251
1252
1128
1355
1169
1226
1194
1102
974
1296
997
1043
1082
1184
1087
1120
1289
1127
1080
1188
1251
1130
1247
1299
1066
930
1000
1190
1219
1227
1059
1358
1190
1160
1292
1223
1033
1188
1290
965
1179
1032
1244
1097
1047
1263
1279
1369
1189
1024
1108
1165
1199
994
885
1108
1161
821
828
1179
962
951
845
1062
1073
949
1280
1202
929
1068
1075
1121
1199
1119
961
1129
945
1184
1079
1116
931
1299
1066
1105
1240
1211
943
1024
956
970
996
977
1250
1195
901
1228
1096
1108
1222
1217
1176
1186
1292
1231
1213
1431
1375
1055
954
1175
1245
972
990
1388
1229
1177
1422
1307
1155
1229
1130
1135
1434
1234
1045
1168
1093
1307
1196
1271
1114
1334
1221
1333
1248
1224
1142
1175
1277
1031
1116
1157
1275
1230
1037
1315
1256
1220
1323
1291
1440
1384
1475
1344
1066
1359
1408
1019
959
1333
1314
1141
1183
1399
1272
1196
1392
1421
1177
1339
1350
1421
1543
1541
1252
1127
1177
1517
1273
1194
1360
1540
1210
1382
1396
1389
1165
1346
1275
1195
1324
1261
1423
1257
1114
1450
1313
1354
1517
1349
1474
1512
1624
1506
1429
1594
1449
1106
1050
1405
1326
1180
1243
1415
1353
1363
1456
1705
1197
1393
1364
1354
1571
1607
1229
1344
1211
1413
1510
1466
1444
1663
1421
1561
1554
1536
1415
1553
1499
1285
1331
1317
1462
1458
1366
1737
1489
1494
1445
1259
1312
1355
1465
1297
1264
1368
1471
1062
1094
1362
1095
1318
1264
1367
1323
1233
1271
1342
1286
1342
1392
1346
1430
1475
1266
1122
1126
1404
1284
1398
1187
1622
1325
1317
1416
1323
1186
1355
1370
1292
1193
1184
1423
1313
1444
1502
1316
1305
1298
1146
1126
1216
1210
1216
1157
1341
1197
1002
1040
1202
1186
994
886
1198
1101
1137
1235
1344
1066
1186
1140
1059
1318
1163
1053
984
1093
1216
1183
1206
1063
1404
1229
1379
1299
1269
1133
1152
1213
926
1136
1101
1212
1232
957
1427
1161
1341
1386
1404
1400
1483
1529
1425
1395
1599
1378
1155
1024
1425
1244
1264
1366
1435
1515
1478
1414
1376
1388
1497
1310
1507
1555
1510
1231
1224
1340
1421
1530
1455
1321
1721
1320
1516
1455
1274
1386
1467
1578
1082
1359
1342
1468
1281
1314
1616
1504
1427
1201
1176
1217
1282
1291
1376
1205
1409
1362
961
940
1188
1194
1219
1168
1235
1190
1279
1353
1191
1081
1310
1066
1279
1424
1388
1166
1146
1250
1324
1375
1292
1236
1485
1150
1266
1297
1307
1143
1344
1280
1101
1207
1173
1200
1192
1168
1419
1253
1345
1402
1324
1411
1400
1597
1320
1234
1394
1438
1030
1204
1532
1244
1186
1225
1314
1216
1467
1494
1532
1156
1355
1439
1475
1479
1538
1292
1280
1231
1516
1382
1440
1243
1653
1317
1535
1510
1361
1287
1430
1274
1129
1278
1241
1523
1306
1281
1562
1288
1481
1218
1266
1279
1325
1300
1260
1135
1443
1239
988
953
1265
1131
1158
1057
1257
1140
1140
1401
1271
1174
1241
1232
1281
1324
1385
1125
1191
974
1431
1307
1368
1135
1558
1166
1198
1250
1172
1075
1257
1221
1124
1155
1123
1336
1229
1160
1377
1157
1282
1410
1210
1428
1346
1337
1206
1221
1320
1510
1127
1028
1360
1282
1110
1232
1379
1409
1159
1349
1324
1315
1445
1306
1243
1427
1458
1148
1133
1076
1362
1208
1364
1232
1402
1259
1357
1494
1321
1068
1255
1281
1146
1281
1149
1334
1221
1250
1413
1253
1439
1552
1299
1484
1485
1576
1396
1343
1521
1545
1299
1052
1439
1269
1308
1284
1595
1429
1352
1501
1512
1359
1518
1436
1379
1589
1711
1331
1401
1438
1640
1380
1592
1254
1711
1439
1588
1680
1544
1363
1457
1566
1282
1346
1265
1552
1367
1389
1530
1452
1500
1287
1227
1214
1151
1315
1234
1266
1225
1180
1038
951
1185
1032
1115
1105
1246
1150
1156
1205
1347
1138
1211
1234
1242
1273
1368
1149
1150
1215
1273
1332
1231
1056
1534
1166
1348
1324
1315
1210
1228
1396
1075
1150
1048
1353
1084
1115
1368
1318
1255
1039
958
1019
988
922
1082
958
1112
956
912
813
1025
1016
864
784
1017
972
914
1151
1038
879
950
966
914
1223
1079
894
804
906
1077
1019
1022
913
1112
1028
1066
1077
919
910
1044
1091
903
980
970
991
1013
768
1013
1003
1036
1247
1315
1486
1424
1562
1189
1215
1504
1398
1044
924
1242
1112
1134
1282
1466
1367
1309
1339
1367
1252
1294
1274
1308
1401
1443
1170
1273
1088
1355
1275
1461
1267
1606
1269
1320
1331
1184
1175
1288
1288
1102
1281
1107
1391
1184
1406
1325
1282
1251
1186
1175
1250
1362
1314
1260
1149
1290
1243
1035
962
1362
1059
1149
1023
1228
1244
1157
1302
1361
938
1283
1261
1269
1340
1360
1190
1124
1108
1375
1257
1221
1226
1398
1131
1423
1286
1255
1125
1186
1139
1079
1198
1229
1387
1170
1155
1372
1143
1414
1214
1114
1261
1259
1398
1175
1061
1522
1361
969
979
1221
1187
983
1100
1364
1110
1159
1316
1295
1147
1301
1253
1210
1396
1299
1253
1122
1093
1240
1269
1312
1142
1477
1212
1316
1249
1379
1096
1278
1188
1009
1183
1172
1200
1349
1217
1530
1161
1305
1359
1205
1428
1411
1512
1341
1178
1517
1433
1156
1085
1426
1148
1096
1280
1369
1371
1308
1531
1433
1167
1324
1431
1272
1484
1443
1338
1256
1217
1413
1226
1352
1181
1491
1279
1364
1495
1361
1182
1266
1262
1030
1188
1184
1351
1173
1275
1464
1319
1311
1125
1097
1087
1105
1183
920
929
1128
1140
723
784
1074
1033
962
900
1129
1071
967
1049
1185
890
1079
1090
1055
1213
1298
1021
873
990
1134
1090
940
1040
1429
999
1190
1148
1278
923
1083
1012
911
995
984
1140
1093
1032
1281
970
1093
1466
1414
1460
1546
1594
1187
1205
1563
1376
1219
1037
1594
1227
1130
1217
1474
1348
1139
1420
1558
1272
1349
1571
1333
1544
1444
1262
1304
1182
1486
1302
1391
1169
1717
1343
1544
1421
1418
1261
1388
1373
1167
1254
1253
1425
1346
1367
1658
1331
1284
1355
1260
1369
1339
1488
1358
1194
1404
1382
1104
1077
1367
1228
1159
1260
1343
1294
1291
1275
1398
1129
1374
1394
1215
1503
1579
1083
1248
1190
1454
1289
1434
1202
1605
1269
1427
1349
1363
1161
1475
1364
1180
1174
1106
1451
1198
1324
1452
1305
1289
1408
1417
1475
1543
1527
1274
1389
1530
1466
1127
1130
1444
1301
1193
1402
1504
1402
1167
1498
1505
1281
1386
1440
1312
1558
1555
1319
1292
1162
1520
1336
1398
1263
1629
1288
1536
1520
1317
1287
1456
1391
1228
1330
1192
1395
1157
1325
1407
1333
1282
1367
1408
1404
1417
1442
1251
1313
1500
1341
1152
857
1247
1185
1215
1200
1463
1319
1226
1268
1468
1229
1350
1404
1319
1500
1688
1090
1303
1137
1599
1310
1579
1238
1684
1325
1401
1342
1282
1255
1548
1393
1256
1276
1142
1371
1234
1380
1458
1315
1379
1139
1159
1212
1138
1304
1030
1083
1366
1328
1018
951
1316
1139
996
1058
1328
1201
1113
1218
1268
1210
1229
1246
1120
1321
1264
1020
1167
990
1242
1192
1279
1020
1427
1127
1327
1195
1153
1101
1182
1183
1051
1107
1153
1298
1185
1140
1332
1216
1059
1414
1318
1439
1448
1590
1256
1390
1582
1430
1167
989
1276
1274
1106
1222
1542
1447
1304
1331
1529
1287
1380
1331
1348
1510
1492
1205
1327
1229
1445
1315
1451
1304
1511
1324
1487
1428
1282
1256
1479
1365
1055
1351
1239
1388
1344
1278
1452
1458
1281
1302
1092
1273
1277
1328
1167
1134
1343
1372
975
982
1174
1069
999
1083
1299
1172
1186
1210
1401
1122
1232
1357
1185
1254
1282
1121
1101
1014
1308
1110
1311
1084
1389
1278
1307
1349
1234
1258
1183
1169
1156
1221
1185
1339
1205
1154
1363
1269
1261
1308
1233
1390
1425
1487
1171
1099
1523
1434
1051
902
1143
1139
1141
1199
1412
1266
1268
1279
1397
1136
1420
1302
1308
1499
1430
1093
1156
1242
1377
1359
1397
1287
1571
1257
1313
1381
1376
1427
1417
1208
1133
1339
1231
1214
1303
1313
1469
1300
1377
1335
1224
1196
1115
1280
1148
1173
1283
1292
1024
950
1190
1078
1105
1122
1167
1238
1183
1261
1201
1186
1261
1141
1126
1252
1361
1033
1045
1116
1307
1296
1300
1073
1478
1141
1268
1343
1191
1060
1159
1376
1077
1034
1079
1313
1075
1185
1346
1177
1195
1185
1110
1371
1406
1372
1085
1086
1420
1194
991
777
1261
991
887
1107
1267
1164
1207
1260
1254
1057
1257
1231
1310
1222
1389
1024
1118
982
1250
1282
1343
1107
1449
1122
1189
1243
1166
1076
1204
1214
1005
1171
1220
1235
1103
1225
1315
1290
1200
1535
1548
1309
1462
1644
1515
1357
1666
1670
1175
1180
1322
1266
1471
1364
1430
1474
1374
1619
1502
1397
1616
1440
1557
1680
1629
1234
1440
1301
1519
1649
1645
1450
1892
1402
1493
1482
1389
1491
1706
1450
1396
1347
1223
1429
1563
1402
1712
1462
1596
1475
1514
1567
1638
1722
1475
1415
1569
1638
1136
1192
1577
1399
1347
1446
1476
1379
1526
1601
1761
1439
1512
1449
1716
1614
1680
1476
1550
1325
1626
1552
1548
1487
1876
1511
1527
1644
1598
1466
1734
1428
1266
1521
1377
1627
1465
1375
1640
1543
1599
1254
1231
1366
1286
1368
1157
1296
1358
1489
1126
1018
1200
1241
956
1094
1474
1202
1165
1261
1346
1209
1341
1398
1162
1262
1379
1032
1251
1007
1370
1198
1426
1144
1419
1325
1310
1329
1346
1111
1255
1179
935
1182
984
1285
1213
1205
1325
1222
1373
1210
1225
1093
1226
1284
1145
1054
1357
1291
815
971
1179
1256
1165
1081
1185
1307
1146
1266
1242
1222
1248
1086
1154
1422
1386
1131
1079
1069
1291
1291
1183
1256
1414
1240
1236
1273
1175
1109
1385
1221
999
1114
1098
1243
1232
1075
1319
1118
1318
1308
1235
1453
1351
1367
1270
1246
1507
1314
1111
1081
1327
1135
1083
1277
1404
1333
1226
1351
1390
1123
1338
1424
1324
1489
1509
1310
1026
1161
1345
1346
1317
1241
1533
1209
1442
1317
1280
1216
1334
1335
1123
1346
1270
1337
1123
1278
1398
1352
1341
1172
1128
1207
1170
1282
1060
1019
1180
1232
996
814
1158
877
957
960
1135
1004
1015
1111
1263
1044
1110
1192
1006
1052
1097
986
1143
937
1146
1050
1161
996
1316
1103
1146
1265
1259
1138
1071
1051
967
1144
1041
1134
1014
1095
1276
1191
1160
1299
1174
1236
1269
1371
1288
1170
1335
1394
991
1013
1250
1150
1142
1215
1247
1186
1135
1295
1329
1081
1205
1206
1184
1364
1427
1123
1096
1105
1277
1253
1210
1235
1432
1112
1439
1250
1217
1182
1413
1218
1125
1255
1131
1257
1237
1177
1300
1269
1259
1346
1194
1505
1355
1498
1224
1238
1377
1455
967
1088
1243
1310
1159
1223
1445
1436
1209
1317
1458
1176
1298
1253
1260
1513
1472
1245
1097
1239
1263
1348
1272
1214
1519
1285
1455
1538
1355
1207
1255
1279
1114
1419
1246
1392
1262
1239
1374
1332
1249
1386
1440
1456
1471
1456
1389
1465
1409
1348
1070
1173
1382
1218
1201
1205
1412
1311
1383
1464
1408
1081
1312
1418
1410
1487
1446
1411
1119
1276
1428
1336
1315
1221
1633
1516
1467
1529
1461
1257
1295
1410
1264
1327
1291
1419
1332
1276
1488
1410
1488
1420
1324
1404
1422
1548
1276
1321
1486
1428
1226
1032
1443
1200
1247
1174
1386
1352
1216
1398
1567
1155
1338
1374
1310
1584
1439
1212
1316
1323
1415
1357
1529
1235
1636
1447
1500
1483
1402
1268
1376
1352
1194
1343
1248
1456
1432
1323
1596
1271
1445
1299
1166
1280
1187
1448
1103
987
1397
1502
1014
938
1198
1196
1020
1167
1359
1200
1149
1305
1311
1225
1240
1217
1251
1273
1404
1138
1169
1090
1369
1191
1343
1160
1370
1121
1369
1345
1198
1076
1186
1228
1053
1155
1174
1319
1268
1139
1345
1213
1122
943
908
977
1069
1019
847
830
1107
1043
760
692
925
815
826
900
934
925
916
1115
1034
943
973
929
1024
1040
1059
897
775
793
1049
1053
942
903
1173
899
815
1072
876
940
957
861
740
903
915
1004
948
874
978
936
1017
1400
1358
1305
1414
1456
1336
1374
1476
1291
1110
1041
1262
1177
1214
1136
1342
1313
1193
1393
1533
1302
1265
1324
1201
1414
1414
1248
1333
1166
1457
1528
1469
1207
1610
1578
1312
1424
1422
1354
1434
1457
1204
1208
1135
1410
1380
1299
1471
1333
1366
1044
1105
1137
1277
1142
1054
1022
1224
1175
871
831
1196
1033
979
1096
1082
1066
1041
1028
1252
1069
1073
1115
1207
1120
1189
985
1074
852
1088
1151
1238
1018
1377
1202
1049
1145
1041
969
1114
1000
953
1087
945
1041
1102
967
1244
1105
1102
1399
1204
1440
1389
1491
1240
1244
1337
1388
1083
997
1291
1101
1224
1167
1450
1262
1338
1312
1407
1097
1410
1365
1368
1428
1432
1170
1134
1254
1312
1345
1293
1164
1518
1354
1487
1584
1440
1289
1366
1337
1225
1395
1301
1316
1343
1167
1572
1482
1420
1179
1110
1225
1244
1227
1187
1133
1181
1220
1021
928
1352
1158
1118
1033
1136
1185
1113
1328
1246
1095
1213
1287
1226
1266
1368
1092
1288
1063
1331
1208
1231
999
1372
1280
1171
1421
1184
1068
1204
1180
958
1045
1072
1258
1108
1047
1224
1218
1357
1356
1146
1177
1119
1300
1108
1148
1267
1318
883
1132
1214
1140
1084
978
1159
1151
1158
1218
1316
977
1214
1154
1104
1368
1206
1109
923
1239
1170
1264
1304
1087
1502
1159
1468
1339
1278
1148
1075
1129
1008
1199
1063
1223
1267
1145
1492
1015
1335
1319
1115
1245
1207
1189
1073
1185
1372
1213
934
1001
1170
1181
936
1066
1246
1131
1015
1278
1295
1018
1211
1349
1118
1378
1442
1085
1087
839
1257
1111
1243
1116
1305
1129
1246
1346
1203
1007
1226
1168
1151
1012
983
1289
1057
1155
1257
1147
1253
